1 1
2 1
3 2
4 1 2
5 2
6 1 2
7 2
8 2
9 1 2
10 1
11 1 2
12 1
13 1
14 1 2
15 1
16 1 2
17 1
18 1
19 1 2
20 1
21 2
22 1 2
23 1 2
24 2
25 2
26 1
27 1 2
28 1 2
29 1 2
30 1 2
31 1
32 1
33 1
34 1
35 1
36 2
37 1
38 1 2
39 1 2
40 1 2
41 1 2
42 1 2
43 1 2
44 2
45 1 2
46 1 2
47 1
48 1 2
49 1
50 2
51 2
52 1 2
53 1 2
54 1 2
55 2
56 1
57 2
58 1
59 1
60 1
61 2
62 1
63 1 2
64 1 2
65 2
66 1 2
67 1 2
68 1
69 2
70 1
71 1
72 1 2
73 1 2
74 2
75 1 2
76 1 2
77 1 2
78 1
79 1
80 1 2
81 1 2
82 1 2
83 1
84 1 2
85 1
86 1 2
87 2
88 1
89 1
90 1 2
91 1
92 1 2
93 1
94 1 2
95 1
96 1
97 1
98 1 2
99 1
100 1 2
101 1 2
102 1
103 1
104 2
105 1 2
106 1 2
107 1
108 1 2
109 1 2
110 1 2
111 1
112 2
113 1 2
114 1
115 1
116 1 2
117 2
118 1 2
119 1
120 1 2
121 1 2
122 1
123 2
124 1 2
125 1
126 1
127 1
128 1
129 1
130 1 2
131 1
132 1 2
133 1 2
134 2
135 1 2
136 2
137 1 2
138 1
139 1 2
140 1 2
141 2
142 2
143 1 2
144 1
145 2
146 1 2
147 1 2
148 1
149 1 2
150 1 2
151 1 2
152 1
153 1 2
154 1 2
155 2
156 1 2
157 1 2
158 2
159 1
160 2
161 1 2
162 1 2
163 1 2
164 1 2
165 2
166 1
167 1
168 1 2
169 1 2
170 1 2
171 2
172 2
173 1
174 1
175 1 2
176 1 2
177 1 2
178 1 2
179 1 2
180 1 2
181 1 2
182 1 2
183 1
184 1
185 1 2
186 1 2
187 1
188 2
189 1
190 1 2
191 1 2
192 1
193 1
194 1 2
195 1
196 1 2
197 1
198 1 2
199 1 2
200 1 2
201 1
202 1
203 2
204 2
205 1
206 1
207 1
208 1
209 1
210 1 2
211 1 2
212 2
213 2
214 1 2
215 1 2
216 1
217 1 2
218 1
219 1
220 1 2
221 1 2
222 1
223 1
224 1 2
225 1
226 1
227 1
228 1
229 1 2
230 2
231 2
232 1
233 1 2
234 1 2
235 1
236 1
237 1 2
238 1
239 1
240 1 2
241 2
242 1 2
243 1
244 1
245 1 2
246 2
247 1
248 1
249 1 2
250 2
251 1 2
252 1 2
253 1
254 1
255 2
256 1 2
257 2
258 1
259 1 2
260 2
261 1
262 1
263 1
264 1 2
265 1 2
266 1 2
267 2
268 1
269 1
270 1 2
271 1 2
272 1
273 1 2
274 2
275 1
276 1
277 1 2
278 1
279 1 2
280 1
281 1
282 1 2
283 1 2
284 1 2
285 1 2
286 1
287 1 2
288 1
289 1
290 1
291 1 2
292 2
293 1
294 1
295 1 2
296 1
297 1
298 1
299 1 2
300 1 2
301 1 2
302 1 2
303 1
304 1
305 1
306 2
307 2
308 1
309 1 2
310 1 2
311 2
312 1 2
313 1 2
314 1 2
315 1
316 1 2
317 1 2
318 2
319 1 2
320 1
321 1
322 1 2
323 1 2
324 1
325 2
326 1
327 1 2
328 2
329 1
330 1
331 1
332 1
333 2
334 1 2
335 1
336 1 2
337 1 2
338 1 2
339 1
340 2
341 1 2
342 1
343 1
344 1 2
345 1 2
346 1
347 1 2
348 1
349 1
350 1
351 1 2
352 1 2
353 1 2
354 1 2
355 1
356 1
357 1
358 1
359 1 2
360 1
361 2
362 1
363 1
364 1
365 1 2
366 1
367 1 2
368 1 2
369 1
370 1
371 1
372 1
373 1 2
374 1 2
375 1 2
376 1 2
377 1
378 1
379 2
380 1 2
381 1
382 1
383 1 2
384 1
385 1 2
386 1 2
387 1
388 1
389 1 2
390 1
391 1 2
392 1
393 1 2
394 1 2
395 1 2
396 1 2
397 1
398 1
399 2
400 1
401 1
402 1
403 1 2
404 1
405 1 2
406 1 2
407 1 2
408 1
409 1 2
410 1 2
411 1 2
412 1 2
413 1
414 2
415 2
416 1
417 1 2
418 1
419 1
420 1 2
421 1 2
422 1
423 1
424 1 2
425 1
426 1
427 1
428 1 2
429 2
430 1 2
431 2
432 2
433 1
434 1
435 1 2
436 1
437 2
438 1 2
439 1
440 2
441 1
442 1
443 1
444 1 2
445 1 2
446 1
447 1 2
448 1 2
449 2
450 1 2
451 1 2
452 1 2
453 1
454 1 2
455 1 2
456 1 2
457 1
458 1
459 1
460 1 2
461 1
462 1 2
463 1
464 1 2
465 1 2
466 1
467 1
468 1 2
469 1 2
470 1
471 1 2
472 1 2
473 2
474 2
475 1 2
476 1
477 1 2
478 1 2
479 1 2
480 1 2
481 1
482 1 2
483 1 2
484 1
485 1 2
486 1 2
487 1 2
488 1
489 1
490 1
491 1
492 1 2
493 2
494 1
495 1 2
496 1 2
497 1
498 1
499 1
500 1 2
501 1
502 1
503 1 2
504 2
505 1
506 2
507 1 2
508 1 2
509 1
510 2
511 1 2
512 1
513 1
514 1 2
515 1 2
516 1 2
517 1
518 1
519 1 2
520 2
521 2
522 1
523 1 2
524 1
525 1 2
526 2
527 1 2
528 1
529 1
530 1
531 1
532 1 2
533 1
534 1 2
535 2
536 1 2
537 1
538 1
539 1
540 1
541 1 2
542 1
543 2
544 1 2
545 1
546 2
547 1
548 2
549 1 2
550 1 2
551 1 2
552 1 2
553 1
554 1
555 1
556 1
557 1
558 1
559 2
560 1
561 1 2
562 1
563 1
564 1 2
565 1 2
566 2
567 1
568 1
569 1
570 1 2
571 1 2
572 1
573 1 2
574 1
575 1
576 1
577 1 2
578 1
579 1
580 1 2
581 1
582 1
583 1 2
584 2
585 1 2
586 1
587 1
588 1
589 1
590 2
591 1 2
592 1
593 1 2
594 1
595 2
596 1
597 1
598 1
599 1
600 1
601 1
602 1
603 2
604 2
605 1 2
606 1
607 1 2
608 1
609 1 2
610 1 2
611 1
612 1
613 2
614 1 2
615 1
616 1
617 1
618 1
619 1
620 1
621 1 2
622 1 2
623 1 2
624 1 2
625 2
626 2
627 1 2
628 1 2
629 1 2
630 1
631 1 2
632 2
633 1 2
634 1 2
635 1 2
636 1
637 1 2
638 1
639 1 2
640 1
641 1
642 1 2
643 1 2
644 1
645 1 2
646 1 2
647 1 2
648 1
649 1 2
650 2
651 1 2
652 1 2
653 1 2
654 1 2
655 1 2
656 1
657 1
658 1 2
659 2
660 2
661 2
662 1 2
663 2
664 1 2
665 1
666 1
667 1
668 1 2
669 1 2
670 2
671 1
672 1 2
673 2
674 1
675 1 2
676 1
677 1 2
678 1 2
679 2
680 1
681 1 2
682 2
683 1
684 1
685 1
686 1 2
687 1 2
688 1
689 1
690 1
691 1 2
692 1
693 1
694 1 2
695 1 2
696 1 2
697 1
698 1
699 2
700 1
701 1
702 1 2
703 2
704 2
705 2
706 2
707 1 2
708 2
709 1 2
710 1
711 1 2
712 1 2
713 1
714 1
715 1 2
716 1
717 1
718 1
719 1
720 1 2
721 1 2
722 1
723 1
724 2
725 1
726 1
727 1
728 2
729 1
730 2
731 2
732 2
733 1 2
734 1
735 1 2
736 2
737 1 2
738 1
739 1
740 1 2
741 1 2
742 1 2
743 1 2
744 1
745 1
746 1
747 1
748 1 2
749 1
750 1 2
751 1 2
752 2
753 1
754 1 2
755 1
756 1
757 2
758 1 2
759 1 2
760 1
761 1 2
762 1 2
763 1
764 1
765 1 2
766 1 2
767 1 2
768 1
769 1
770 2
771 1 2
772 1
773 1
774 1
775 1 2
776 1 2
777 2
778 1 2
779 1 2
780 1
781 1
782 1
783 1
784 1 2
785 1
786 1
787 2
788 2
789 1 2
790 1
791 1
792 1 2
793 1 2
794 1
795 2
796 1 2
797 1 2
798 1 2
799 2
800 2
801 1
802 1 2
803 2
804 1
805 1
806 1 2
807 1
808 1 2
809 1
810 1 2
811 1
812 1
813 1 2
814 1 2
815 1 2
816 1 2
817 1
818 1
819 1
820 1
821 1
822 1
823 1
824 2
825 1 2
826 1 2
827 1
828 1
829 1 2
830 2
831 1
832 1 2
833 2
