182
256
462
468
375
519
532
75
723
708
455
821
71
436
17
278
194
364
38
488
199
266
131
668
714
370
558
72
108
687
754
579
824
120
672
658
434
143
308
695
533
312
555
57
540
447
311
556
114
136
129
482
785
96
52
611
125
54
657
794
511
232
652
829
603
70
95
303
321
744
234
523
254
47
706
461
702
179
428
543
107
810
144
9
546
584
307
166
110
299
487
773
405
806
822
509
349
400
369
388
828
636
544
44
280
666
833
91
801
212
484
97
340
7
623
493
620
650
106
475
124
80
79
583
305
630
606
759
86
157
376
787
452
363
775
373
269
701
255
319
627
786
314
316
446
456
4
674
534
817
792
731
758
137
780
46
465
819
245
756
28
559
377
15
506
498
222
325
271
740
473
48
581
392
231
103
233
337
460
796
599
444
206
394
175
492
195
113
710
261
134
259
371
704
466
383
453
223
561
176
83
59
767
768
42
602
291
154
514
613
588
279
463
566
719
675
272
477
41
442
360
691
698
421
225
338
604
215
265
572
516
427
93
273
728
236
607
73
437
323
335
13
431
127
33
626
380
414
585
205
218
526
677
662
14
721
743
500
711
344
210
713
683
610
622
290
784
531
634
799
12
420
663
190
202
496
207
485
253
336
520
138
177
757
396
553
791
472
781
247
384
451
738
239
575
351
286
653
361
87
58
293
419
457
5
235
285
761
288
580
529
600
156
753
808
491
458
619
60
538
339
684
682
480
216
187
365
277
776
334
379
831
549
258
578
693
430
681
582
367
438
552
501
111
665
748
418
333
395
614
809
524
736
765
283
188
402
439
68
203
74
260
645
191
200
564
680
275
617
422
89
221
78
550
289
479
181
11
29
180
741
208
499
385
287
357
262
146
51
797
413
495
264
117
267
240
648
65
81
167
513
557
739
115
350
168
417
133
752
510
358
763
424
353
302
774
725
22
393
159
715
595
10
119
726
481
705
490
141
122
669
762
331
655
391
415
551
764
803
196
378
229
224
170
508
441
148
577
528
160
503
147
404
592
354
476
406
536
800
40
563
381
238
423
35
483
727
673
23
27
211
504
130
505
26
545
593
332
198
347
667
635
359
386
541
102
132
712
445
527
724
64
237
397
408
747
281
63
571
243
429
407
807
219
618
570
34
36
368
401
816
174
135
735
209
471
315
639
670
270
173
568
574
700
562
539
6
151
389
615
694
3
372
646
241
548
62
362
518
664
459
100
825
250
640
788
296
542
632
629
252
317
832
112
598
145
734
507
169
329
760
633
268
718
228
82
707
624
789
328
2
411
470
155
19
149
53
478
661
425
497
804
186
274
474
628
322
535
625
220
66
297
671
356
318
573
644
403
750
161
751
153
164
105
820
647
310
61
641
118
410
716
306
327
21
515
576
502
688
769
387
284
686
77
49
659
586
737
251
605
537
217
214
590
162
547
178
795
745
320
152
32
382
433
814
116
55
398
651
1
589
597
248
443
720
826
766
696
99
374
676
197
567
263
560
732
101
778
244
50
793
98
812
690
770
798
204
109
609
330
587
530
771
450
454
158
649
813
815
678
24
20
142
183
554
569
226
755
790
467
